Estación:       CULIACAN,  SIN
Operada por:    SMN ESIME
Longitud:       107°26'27"  Longitud: 24°38'05"  Altitud: 22

DD/MM/AAAA HH:MM      DIRS      DIRR  RAPVIENTO2  RAPRAFAGA2      TEMP        HR        PB      PREC   RADSOL
31/01/2018 16:00
31/01/2018 16:10
31/01/2018 16:20
31/01/2018 16:30
31/01/2018 16:40
31/01/2018 16:50
31/01/2018 17:00
31/01/2018 17:10
31/01/2018 17:20
31/01/2018 17:30
31/01/2018 17:40
31/01/2018 17:50
31/01/2018 18:00
31/01/2018 18:10         166         226        2.60        4.50        23.3          51
31/01/2018 18:20         160         239        2.50        4.20        23.0          54      1013.3         0.0       166.0
31/01/2018 18:30         153         316        2.10        4.20        23.1          55      1013.2         0.0       170.0
31/01/2018 18:40         140         205        1.60        3.00        23.1          56      1013.1         0.0       166.0
31/01/2018 18:50         158         221        1.40        2.90        23.4          56      1013.0         0.0       206.0
31/01/2018 19:00         151         209        1.50        3.30        23.6          56      1012.9         0.0       245.0
31/01/2018 19:10         167         236        1.90        3.40        23.9          56      1012.8         0.0       255.0
31/01/2018 19:20         159         258        2.20        3.90        24.2          55      1012.5         0.0       246.0
31/01/2018 19:30         168         220        1.80        3.30        24.4          55      1012.4         0.0       224.0
31/01/2018 19:40         173         305        1.80        3.30        24.6          54      1012.3         0.0       180.0
31/01/2018 19:50         160         305        1.80        3.80        24.5          55      1012.1         0.0       165.0
31/01/2018 20:00         161         227        1.40        2.70        24.5          56      1011.9         0.0       161.0
31/01/2018 20:10         151         203        1.50        2.70        24.5          57      1011.8         0.0       163.0
31/01/2018 20:20         180         224        1.90        3.10        24.6          56      1011.7         0.0       179.0
31/01/2018 20:30         189         222        1.90        3.10        24.6          56      1011.6         0.0       163.0
31/01/2018 20:40         179         226        1.50        2.50        24.4          56      1011.6         0.0       147.0
31/01/2018 20:50         194         222        2.10        3.30        24.3          56      1011.7         0.0       127.0
31/01/2018 21:00         187         231        2.10        3.60        24.2          51      1011.8         0.0        99.0
31/01/2018 21:10         185         222        2.30        4.00        24.2          51      1011.9         0.0       111.0
31/01/2018 21:20         208         249        2.60        4.50        23.9          52      1012.0         0.0       129.0
31/01/2018 21:30         193         216        2.70        4.30        24.0          54      1012.0         0.0       169.0
31/01/2018 21:40         186         233        2.20        3.80        24.3          55      1011.9         0.0       208.0
31/01/2018 21:50         220         271        2.10        3.70        24.2          58      1011.8         0.0       224.0
31/01/2018 22:00         226         281        1.50        2.70        24.2          60      1011.5         0.0       207.0
31/01/2018 22:10         216         268        1.70        3.10        24.3          61      1011.4         0.0       190.0
31/01/2018 22:20         202         238        1.50        3.00        24.3          61      1011.3         0.0       172.0
31/01/2018 22:30         213         258        1.30        2.30        24.2          61      1011.3         0.0       134.0
31/01/2018 22:40         241         278        1.50        2.90        23.8          63      1011.3         0.0       103.0
31/01/2018 22:50         255         280        1.30        2.10        23.7          64      1011.2         0.0        79.0
31/01/2018 23:00         236         288        0.90        1.60        23.6          65      1011.2         0.0        68.0
31/01/2018 23:10         232         293        0.90        1.50        23.6          66      1011.1         0.0        70.0
31/01/2018 23:20         243         279        0.90        1.30        23.5          66      1011.2         0.0        68.0
31/01/2018 23:30         196         251        1.00        1.70        23.6          67      1011.2         0.0        62.0
31/01/2018 23:40         182         249        0.60        1.20        23.6          67      1011.3         0.0        58.0
31/01/2018 23:50         178         321        0.90        1.50        23.6          68      1011.5         0.0        48.0
01/02/2018 00:00         153         210        1.20        2.50        23.5          70      1011.6         0.0        40.0
01/02/2018 00:10         166         240        1.60        3.00        23.4          71      1011.7         0.0        27.0
01/02/2018 00:20         162         257        1.70        3.00        23.3          72      1011.8         0.0        18.0
01/02/2018 00:30         169         204        1.60        3.20        23.1          72      1011.8         0.0        12.0
01/02/2018 00:40         165         212        1.20        2.50        22.9          73      1012.0         0.0         8.0
01/02/2018 00:50         148         190        1.40        2.40        22.7          74      1012.0         0.0         2.0
01/02/2018 01:00         126         176        0.70        1.40        22.5          75      1012.1         0.0        -1.0
01/02/2018 01:10         120         166        0.70        1.00        22.3          76      1012.1         0.0        -1.0
01/02/2018 01:20         157         190        0.70        1.30        22.1          77      1012.2         0.0        -1.0
01/02/2018 01:30         139         189        1.10        1.70        22.1          77      1012.2         0.0        -1.0
01/02/2018 01:40         136         192        1.30        2.20        22.1          77      1012.3         0.0        -1.0
01/02/2018 01:50         137         208        0.90        2.10        21.9          78      1012.3         0.0        -1.0
01/02/2018 02:00         117         164        0.80        1.40        21.7          79      1012.3         0.0        -1.0
01/02/2018 02:10         102         127        1.30        1.80        21.6          79      1012.3         0.0        -1.0
01/02/2018 02:20          64         104        1.20        1.80        21.5          79      1012.4         0.0        -1.0
01/02/2018 02:30          62          88        1.10        1.70        21.5          80      1012.5         0.0        -1.0
01/02/2018 02:40          68          98        1.30        1.80        21.3          80      1012.5         0.0        -1.0
01/02/2018 02:50          89         100        1.10        1.80        21.0          81      1012.5         0.0        -1.0
01/02/2018 03:00          86         100        0.90        1.50        20.9          80      1012.5         0.0        -1.0
01/02/2018 03:10          66          97        1.30        1.90        20.9          80      1012.4         0.0        -1.0
01/02/2018 03:20          59          83        1.40        2.10        20.8          79      1012.4         0.0        -1.0
01/02/2018 03:30          42          67        1.40        2.10        21.0          79      1012.4         0.0        -1.0
01/02/2018 03:40          40          67        1.50        2.10        20.6          80      1012.4         0.0        -1.0
01/02/2018 03:50          48          70        1.30        2.30        20.7          80      1012.3         0.0        -1.0
01/02/2018 04:00          40          86        0.90        1.40        20.5          81      1012.3         0.0        -1.0
01/02/2018 04:10         330          56        0.70        1.60        20.4          83      1012.3         0.0        -1.0
01/02/2018 04:20         306         332        1.30        1.80        20.4          81      1012.2         0.0        -1.0
01/02/2018 04:30         322         350        1.30        2.10        20.4          82      1012.0         0.0        -1.0
01/02/2018 04:40         323         342        1.40        2.10        20.1          84      1011.9         0.0        -1.0
01/02/2018 04:50         328         346        1.50        2.00        20.0          85      1012.0         0.0        -1.0
01/02/2018 05:00         321         350        1.00        1.70        19.8          86      1012.0         0.0        -1.0
01/02/2018 05:10         269         323        0.70        1.20        19.6          85      1012.0         0.0        -1.0
01/02/2018 05:20         322         347        0.90        1.60        19.5          84      1011.9         0.0        -1.0
01/02/2018 05:30         340          25        0.90        1.40        19.4          85      1012.0         0.0        -1.0
01/02/2018 05:40           1          25        1.40        2.10        19.1          85      1011.9         0.0        -1.0
01/02/2018 05:50         338           1        1.20        2.20        19.0          88      1011.8         0.0        -1.0
01/02/2018 06:00         333          14        2.00        2.70        19.3          88      1011.9         0.0        -1.0
01/02/2018 06:10         335         353        1.90        2.50        19.2          87      1011.8         0.0        -1.0
01/02/2018 06:20         331           5        1.70        2.30        19.0          87      1011.9         0.0        -1.0
01/02/2018 06:30         332         355        1.40        2.00        18.9          87      1012.0         0.0        -1.0
01/02/2018 06:40         331         345        1.80        2.40        19.0          86      1011.9         0.0        -1.0
01/02/2018 06:50         338         357        1.70        2.50        18.9          85      1012.0         0.0        -1.0
01/02/2018 07:00         359          33        1.60        2.60        19.2          82      1011.8         0.0         0.0
01/02/2018 07:10         359          36        1.90        3.00        19.6          78      1011.8         0.0         0.0
01/02/2018 07:20           1          29        1.80        2.90        19.9          75      1011.7         0.0        -1.0
01/02/2018 07:30         358          39        1.60        2.40        19.8          75      1011.7         0.0        -1.0
01/02/2018 07:40           1          28        1.60        2.50        19.6          76      1011.7         0.0        -1.0
01/02/2018 07:50         357          21        1.90        3.00        19.6          76      1011.6         0.0        -1.0
01/02/2018 08:00         360          39        2.20        3.50        20.0          73      1011.6         0.0        -1.0
01/02/2018 08:10           3          37        2.10        3.60        20.3          70      1011.8         0.0        -1.0
01/02/2018 08:20         359          44        2.00        3.40        20.2          70      1011.8         0.0        -1.0
01/02/2018 08:30         356          35        1.60        2.80        20.1          71      1011.9         0.0        -1.0
01/02/2018 08:40           6          39        1.90        2.80        20.3          70      1011.9         0.0        -1.0
01/02/2018 08:50          29         100        1.60        2.80        20.2          70      1011.9         0.0        -1.0
01/02/2018 09:00         206          27        1.20        2.50        19.8          74      1011.9         0.0        -1.0
01/02/2018 09:10          24         162        1.30        2.50        19.7          73      1011.5         0.0        -1.0
01/02/2018 09:20          11          45        1.90        2.90        19.8          72      1011.5         0.0        -1.0
01/02/2018 09:30          21          36        1.90        2.70        19.9          71      1011.5         0.0        -1.0
01/02/2018 09:40          26          38        2.10        2.70        19.5          73      1011.6         0.0        -1.0
01/02/2018 09:50          31          48        1.90        2.50        19.5          74      1011.6         0.0        -1.0
01/02/2018 10:00          22          33        1.60        2.10        19.4          75      1011.7         0.0        -1.0
01/02/2018 10:10          18          38        1.80        3.00        19.7          73      1011.5         0.0         0.0
01/02/2018 10:20          23          42        1.60        2.50        19.8          72      1011.6         0.0        -1.0
01/02/2018 10:30          19          54        1.30        2.20        19.8          72      1011.6         0.0        -1.0
01/02/2018 10:40          34          97        0.90        1.70        19.7          73      1011.6         0.0        -1.0
01/02/2018 10:50           0           0        0.00        0.00        19.6          73      1011.6         0.0        -1.0
01/02/2018 11:00          72         113        0.70        1.10        19.5          74      1011.5         0.0         0.0
01/02/2018 11:10          70         101        1.00        1.70        19.5          74      1011.5         0.0         0.0
01/02/2018 11:20          74         155        1.20        1.70        19.5          73      1011.5         0.0        -1.0
01/02/2018 11:30         117         166        1.00        1.70        19.6          71      1011.4         0.0         0.0
01/02/2018 11:40         107         154        1.30        2.80        19.9          67      1011.4         0.0        -1.0
01/02/2018 11:50         107         143        1.30        2.40        20.0          70      1011.3         0.0        -1.0
01/02/2018 12:00         121         196        1.10        2.10        19.9          71      1011.5         0.0         0.0
01/02/2018 12:10         138         270        0.70        1.60        19.9          71      1011.6         0.0         0.0
01/02/2018 12:20         113         161        1.00        1.70        20.0          70      1011.6         0.0         0.0
01/02/2018 12:30          88         143        0.80        1.40        20.0          70      1011.6         0.0         0.0
01/02/2018 12:40         339         110        0.50        1.40        19.9          72      1011.8         0.0        -1.0
01/02/2018 12:50         349          21        0.80        1.10        19.8          73      1012.0         0.0        -1.0
01/02/2018 13:00          41          70        0.90        1.30        19.7          72      1012.2         0.0         0.0
01/02/2018 13:10          51          77        0.60        1.00        19.8          73      1012.4         0.0        -1.0
01/02/2018 13:20          57         131        0.60        1.00        19.7          74      1012.5         0.0        -1.0
01/02/2018 13:30          19          49        0.60        0.90        19.5          74      1012.5         0.0         0.0
01/02/2018 13:40          86         109        0.60        0.90        19.6          73      1012.8         0.0         0.0
01/02/2018 13:50         105         128        0.70        1.10        19.7          73      1013.0         0.0         1.0
01/02/2018 14:00           0           0        0.00        0.00        19.9          73      1013.2         0.0         7.0
01/02/2018 14:10           0           0        0.00        0.00        19.8          73      1013.4         0.0        23.0
01/02/2018 14:20           0           0        0.00        0.00        19.8          73      1013.5         0.0        31.0
01/02/2018 14:30           0           0        0.00        0.00        20.0          71      1013.8         0.0        41.0
01/02/2018 14:40           0           0        0.00        0.00        20.3          69      1013.8         0.0        57.0
01/02/2018 14:50         228         283        0.70        1.10        20.7          67      1014.0         0.0        66.0
01/02/2018 15:00         210         231        0.90        1.20        20.9          66      1014.2         0.0        82.0
01/02/2018 15:10         143         200        0.60        1.10        21.3          64      1014.3         0.0       106.0
01/02/2018 15:20         113         151        1.00        1.80        21.8          61      1014.4         0.0       135.0
01/02/2018 15:30          99         113        1.40        2.30        22.4          60      1014.5         0.0       146.0
01/02/2018 15:40          98         119        1.60        2.50        22.6          59      1014.6         0.0       141.0
01/02/2018 15:50          98         127        1.10        1.70        22.9          58      1014.7         0.0        88.0
